11 11 11 11 11 11 11 11 11 11 11 11 11 11 11 11 11 11 11 11 11 11 11 11 11 11 11 11 11 11 11 11 11 11 11 11 11 11 11 11 11 11 11 11 11 11 11 11 11 11 11 11 11 11 11 11 11 11 11 11 11 11 11 11 11 11 11 11 11 11 11 11 11 11 11 11 11 11 11 11 11 11 11 11 11 11 11 11 11 11 11 11 11 11 11 11 11 11 11 11
11 10 10 10 10 10 10 10 10 10 10 14 10 10 10 10 10 14 14 14 14 14 14 14 14 14 14 14 14 14 14 14 23 27 13 17 13 13 17 13 13 13 17 13 13 13 13 17 13 10 10 10 10 10 10 10 10 10 10 14 10 10 10 10 10 14 14 14 14 14 14 14 14 14 14 14 14 14 14 14 23 27 13 17 13 13 17 13 13 13 17 13 13 13 13 17 13 10 10 11
11 10 10 10 10 10 10 10 12 12 12 14 10 10 10 10 10 14 14 14 14 14 14 14 14 14 14 14 14 14 14 14 14 23 27 13 13 13 13 13 17 13 13 13 13 17 13 13 13 10 10 10 10 10 10 10 12 12 12 14 10 10 10 10 10 14 14 14 14 14 14 14 14 14 14 14 14 14 14 14 14 23 27 13 13 13 13 13 17 13 13 13 13 17 13 13 13 10 10 11
11 10 10 10 10 10 10 10 13 13 13 14 10 10 10 10 14 14 14 14 14 14 14 14 14 14 14 14 14 14 14 14 14 14 23 27 17 13 13 17 13 13 13 13 13 13 13 13 17 10 10 10 10 10 10 10 13 13 13 14 10 10 10 10 14 14 14 14 14 14 14 14 14 14 14 14 14 14 14 14 14 14 23 27 17 13 13 17 13 13 13 13 13 13 13 13 17 10 10 11
11 10 10 10 10 10 10 10 10 10 10 10 10 10 10 14 14 14 14 14 14 14 14 14 14 14 14 14 14 14 14 14 14 14 14 23 27 13 13 13 13 13 17 13 13 17 13 13 13 10 10 10 10 10 10 10 10 10 10 10 10 10 10 14 14 14 14 14 14 14 14 14 14 14 14 14 14 14 14 14 14 14 14 23 27 13 13 13 13 13 17 13 13 17 13 13 13 10 10 11
11 10 10 10 10 10 10 10 10 10 10 10 10 10 10 14 14 14 14 14 14 10 10 10 10 16 10 10 10 10 10 16 14 14 14 14 23 24 24 24 24 24 24 24 24 24 24 24 24 10 10 10 10 10 10 10 10 10 10 10 10 10 10 14 14 14 14 14 14 10 10 10 10 16 10 10 10 10 10 16 14 14 14 14 23 24 24 24 24 24 24 24 24 24 24 24 24 10 10 11
11 10 10 10 10 10 10 10 10 10 10 10 10 10 10 14 14 14 14 14 14 10 16 10 10 10 10 10 16 10 10 10 14 14 14 14 14 14 10 16 10 10 16 10 16 10 10 16 10 10 10 10 10 10 10 10 10 10 10 10 10 10 10 14 14 14 14 14 14 10 16 10 10 10 10 10 16 10 10 10 14 14 14 14 14 14 10 16 10 10 16 10 16 10 10 16 10 10 10 11
11 10 10 10 10 10 10 10 10 10 10 10 10 14 14 14 14 14 14 14 14 10 10 10 14 18 19 19 20 14 10 10 14 14 14 14 14 14 10 10 10 10 10 10 10 10 10 10 10 10 10 10 10 10 10 10 10 10 10 10 10 14 14 14 14 14 14 14 14 10 10 10 14 18 19 19 20 14 10 10 14 14 14 14 14 14 10 10 10 10 10 10 10 10 10 10 10 10 10 11
11 10 10 10 10 10 10 10 10 10 14 13 15 15 11 14 14 14 14 14 14 10 10 14 18 29 13 17 28 20 16 10 14 14 14 14 14 14 16 10 16 10 10 16 10 10 10 10 10 10 10 10 10 10 10 10 10 14 13 15 15 11 14 14 14 14 14 14 10 10 14 18 29 13 17 28 20 16 10 14 14 14 14 14 14 16 10 16 10 10 16 10 10 10 10 10 10 10 10 11
11 10 10 10 10 10 10 10 10 10 14 13 15 15 11 14 14 14 14 14 14 16 10 18 29 17 13 13 17 28 20 10 14 14 14 14 14 14 10 10 10 10 10 10 10 10 16 10 10 11 10 10 10 10 10 10 10 10 14 13 15 15 11 14 14 14 14 14 14 16 10 18 29 17 13 13 17 28 20 10 14 14 14 14 14 14 10 10 10 10 10 10 10 10 16 10 10 10 10 11
11 12 14 10 10 10 10 10 10 14 13 13 15 11 10 14 14 14 14 14 14 10 10 23 27 17 13 17 13 26 25 16 14 14 14 14 14 14 16 10 10 16 10 10 10 10 10 10 10 12 14 10 10 10 10 10 10 14 13 13 15 11 10 14 14 14 14 14 14 10 10 23 27 17 13 17 13 26 25 16 14 14 14 14 14 14 16 10 10 16 10 10 10 10 10 10 10 10 10 11
11 10 12 14 10 10 10 10 10 10 14 13 13 13 13 14 14 14 14 14 14 16 10 10 23 24 24 24 24 25 15 15 14 14 14 14 14 14 10 10 16 10 10 10 16 10 16 10 10 10 12 14 10 10 10 10 10 10 14 13 13 13 13 14 14 14 14 14 14 16 10 10 23 24 24 24 24 25 15 15 14 14 14 14 14 14 10 10 16 10 10 10 16 10 16 10 10 10 10 11
11 10 10 10 10 10 10 10 10 10 10 10 10 10 10 14 14 14 14 14 14 10 10 16 10 10 16 10 10 10 16 10 14 14 14 14 14 14 10 10 10 10 15 15 15 15 15 10 10 10 10 10 10 10 10 10 10 10 10 10 10 10 10 14 14 14 14 14 14 10 10 16 10 10 16 10 10 10 16 10 14 14 14 14 14 14 10 10 10 10 15 15 15 15 15 10 10 10 10 11
11 10 10 10 10 10 10 10 10 10 10 14 10 10 10 14 14 14 14 14 14 15 15 15 15 15 10 10 10 10 10 10 14 14 14 14 14 14 10 10 10 10 10 10 10 10 10 16 10 10 10 10 10 10 10 10 10 10 10 14 10 10 10 14 14 14 14 14 14 15 15 15 15 15 10 10 10 10 10 10 14 14 14 14 14 14 10 10 10 10 10 10 10 10 10 16 10 10 10 11
11 10 10 10 10 10 10 10 12 12 12 14 10 10 10 14 14 14 14 14 14 10 10 10 16 10 16 10 10 16 10 10 14 14 14 14 14 14 16 10 10 16 10 10 10 16 10 10 10 10 10 10 10 10 10 10 12 12 12 14 10 10 10 14 14 14 14 14 14 10 10 10 16 10 16 10 10 16 10 10 14 14 14 14 14 14 16 10 10 16 10 10 10 16 10 10 10 10 10 11
11 10 10 10 10 10 10 10 13 13 13 14 10 10 16 10 10 10 10 10 10 10 16 10 10 10 10 16 10 10 10 10 14 14 14 14 14 14 10 10 16 10 10 16 10 10 10 10 10 10 10 10 10 10 10 10 13 13 13 14 10 10 16 10 10 10 10 10 10 10 16 10 10 10 10 16 10 10 10 10 14 14 14 14 14 14 10 10 16 10 10 16 10 10 10 10 10 10 10 11
11 10 10 10 10 10 10 10 10 10 10 10 10 10 10 10 16 10 10 10 10 15 15 15 15 15 10 10 10 10 16 10 10 16 10 10 10 10 16 10 10 15 15 15 15 15 10 10 10 10 10 10 10 10 10 10 10 10 10 10 10 10 10 10 16 10 10 10 10 15 15 15 15 15 10 10 10 10 16 10 10 16 10 10 10 10 16 10 10 15 15 15 15 15 10 10 10 10 10 11
11 10 10 10 10 10 10 10 10 10 10 10 16 10 10 10 10 10 10 10 10 10 16 16 10 16 10 16 10 16 10 10 10 10 10 10 10 10 10 10 10 10 10 10 10 10 16 10 10 10 10 10 10 10 10 10 10 10 10 10 16 10 10 10 10 10 10 10 10 10 16 16 10 16 10 16 10 16 10 10 10 10 10 10 10 10 10 10 10 10 10 10 10 10 16 10 10 10 10 11
11 10 10 10 10 10 10 10 10 10 10 10 10 10 10 10 16 10 10 10 10 10 10 10 10 10 16 10 10 10 10 10 16 10 10 16 10 10 10 10 16 10 10 10 16 10 10 10 10 10 10 10 10 10 10 10 10 10 10 10 10 10 10 10 16 10 10 10 10 10 10 10 10 10 16 10 10 10 10 10 16 10 10 16 10 10 10 10 16 10 10 10 16 10 10 10 10 10 10 11
11 10 10 10 10 10 10 10 10 10 10 10 16 14 14 10 10 10 16 10 10 10 16 10 10 16 10 10 15 15 15 15 15 10 10 10 10 10 16 10 10 10 16 10 10 10 10 10 10 10 10 10 10 10 10 10 10 10 10 10 16 14 14 10 10 10 16 10 10 10 16 10 10 16 10 10 15 15 15 15 15 10 10 10 10 10 16 10 10 10 16 10 10 10 10 10 10 10 10 11
11 10 10 10 10 10 10 10 10 10 14 13 15 15 11 10 10 10 10 10 10 16 10 10 10 10 10 16 10 10 10 10 10 16 10 10 16 10 10 10 16 10 10 10 16 10 16 10 10 10 10 10 10 10 10 10 10 10 14 13 15 15 11 10 10 10 10 10 10 16 10 10 10 10 10 16 10 10 10 10 10 16 10 10 16 10 10 10 16 10 10 10 16 10 16 10 10 10 10 11
11 10 10 10 10 10 10 10 10 10 14 13 15 15 11 10 10 10 10 10 10 10 10 16 10 16 10 10 10 10 10 10 10 10 10 10 10 10 10 10 10 10 10 10 10 10 10 10 10 10 10 10 10 10 10 10 10 10 14 13 15 15 11 10 10 10 10 10 10 10 10 16 10 16 10 10 10 10 10 10 10 10 10 10 10 10 10 10 10 10 10 10 10 10 10 10 10 10 10 11
11 10 12 14 10 10 10 10 10 10 14 13 13 15 11 10 10 10 10 10 10 16 10 10 10 10 10 16 10 10 10 10 10 10 16 10 10 16 10 10 16 10 10 16 10 10 10 10 10 10 12 14 10 10 10 10 10 10 14 13 13 15 11 10 10 10 10 10 10 16 10 10 10 10 10 16 10 10 10 10 10 10 16 10 10 16 10 10 16 10 10 16 10 10 10 10 10 10 10 11
11 10 12 14 10 10 10 10 10 10 14 13 13 13 13 10 10 10 10 10 10 10 16 10 10 10 10 10 10 10 10 10 10 10 10 10 10 10 10 15 15 15 15 15 10 10 10 10 10 10 12 14 10 10 10 10 10 10 14 13 13 13 13 10 10 10 10 10 10 10 16 10 10 10 10 10 10 10 10 10 10 10 10 10 10 10 10 15 15 15 15 15 10 10 10 10 10 10 10 11
11 10 10 10 10 10 10 10 10 10 10 10 16 10 10 10 10 10 10 10 16 10 10 10 10 16 10 16 10 10 16 10 10 10 10 10 16 10 10 10 10 10 10 10 10 16 10 10 10 10 10 10 10 10 10 10 10 10 10 10 16 10 10 10 10 10 10 10 16 10 10 10 10 16 10 16 10 10 16 10 10 10 10 10 16 10 10 10 10 10 10 10 10 16 10 10 10 10 10 11
11 10 10 10 10 10 10 10 10 10 10 14 10 10 10 10 10 10 10 10 10 10 10 10 10 10 10 10 10 10 10 10 10 10 16 10 10 16 10 10 10 10 16 10 10 10 10 10 10 10 10 10 10 10 10 10 10 10 10 14 10 10 10 10 10 10 10 10 10 10 10 10 10 10 10 10 10 10 10 10 10 10 16 10 10 16 10 10 10 10 16 10 10 10 10 10 10 10 10 11
11 10 10 10 10 10 10 10 12 12 12 14 10 16 10 10 16 10 10 10 16 10 10 16 10 15 15 15 15 15 10 10 16 10 10 10 10 10 10 16 10 10 10 10 10 10 10 10 10 10 10 10 10 10 10 10 12 12 12 14 10 16 10 10 16 10 10 10 16 10 10 16 10 15 15 15 15 15 10 10 16 10 10 10 10 10 10 16 10 10 10 10 10 10 10 10 10 10 10 11
11 10 10 10 10 10 10 10 13 13 13 14 10 10 10 10 10 10 10 10 10 10 10 10 10 15 15 15 15 15 16 10 10 11 11 11 11 11 11 11 10 10 10 10 10 10 10 10 10 10 10 10 10 10 10 10 13 13 13 14 10 10 10 10 10 10 10 10 10 10 10 10 10 15 15 15 15 15 16 10 10 11 11 11 11 11 11 11 10 10 10 10 10 10 10 10 10 10 10 11
11 10 10 10 10 10 10 10 10 10 10 10 10 16 10 16 10 10 10 10 10 10 10 10 16 10 10 10 16 10 10 10 10 11 16 10 10 16 10 10 10 16 10 10 16 10 10 10 10 10 10 10 10 10 10 10 10 10 10 10 10 16 10 16 10 10 10 10 10 10 10 10 16 10 10 10 16 10 10 10 10 11 16 10 10 16 10 10 10 16 10 10 16 10 10 10 10 10 10 11
11 10 10 10 10 10 10 10 10 10 10 10 10 10 10 10 10 10 10 10 10 10 10 10 10 10 10 16 10 10 10 10 10 11 10 11 11 11 11 11 10 10 10 10 10 10 10 10 10 10 10 10 10 10 10 10 10 10 10 10 10 10 10 10 10 10 10 10 10 10 10 10 10 10 10 16 10 10 10 10 10 11 10 11 11 11 11 11 10 10 10 10 10 10 10 10 10 10 10 11
11 10 10 10 10 10 10 10 10 10 10 10 10 10 10 10 10 10 10 10 10 10 10 10 10 16 10 10 10 10 10 10 10 11 10 11 10 15 15 15 15 15 10 10 10 10 10 10 10 10 10 10 10 10 10 10 10 10 10 10 10 10 10 10 10 10 10 10 10 10 10 10 10 16 10 10 10 10 10 10 10 11 10 11 10 15 15 15 15 15 10 10 10 10 10 10 10 10 10 11
11 10 10 10 10 10 10 10 10 10 10 10 10 14 14 10 16 10 10 16 10 10 10 10 10 10 10 10 10 16 10 10 10 11 16 11 10 10 10 10 10 10 10 10 10 10 10 10 10 10 10 10 10 10 10 10 10 10 10 10 10 14 14 10 16 10 10 16 10 10 10 10 10 10 10 10 10 16 10 10 10 11 16 11 10 10 10 10 10 10 10 10 10 10 10 10 10 10 10 11
11 10 10 10 10 10 10 10 10 10 14 13 15 15 11 10 10 10 16 10 10 10 10 10 10 10 10 16 10 10 10 10 16 11 10 11 10 10 10 10 10 10 10 10 10 10 10 10 10 10 10 10 10 10 10 10 10 10 14 13 15 15 11 10 10 10 16 10 10 10 10 10 10 10 10 16 10 10 10 10 16 11 10 11 10 10 10 10 10 10 10 10 10 10 10 10 10 10 10 11
11 10 10 10 10 10 10 10 10 10 14 13 15 15 11 10 10 10 10 10 10 10 10 10 10 10 10 10 10 10 10 10 10 11 16 11 10 10 10 10 10 10 10 10 10 10 10 10 10 10 10 10 10 10 10 10 10 10 14 13 15 15 11 10 10 10 10 10 10 10 10 10 10 10 10 10 10 10 10 10 10 11 16 11 10 10 10 10 10 10 10 10 10 10 10 10 10 10 10 11
11 10 12 14 10 10 10 10 10 10 14 13 13 15 11 10 10 10 10 10 10 10 10 10 15 15 15 15 15 15 15 15 15 11 10 11 10 10 10 10 10 10 10 10 10 10 10 10 10 10 12 14 10 10 10 10 10 10 14 13 13 15 11 10 10 10 10 10 10 10 10 10 15 15 15 15 15 15 15 15 15 11 10 11 10 10 10 10 10 10 10 10 10 10 10 10 10 10 10 11
11 10 12 14 10 10 10 10 10 10 14 13 13 13 13 10 10 10 16 10 10 10 10 10 10 10 10 10 10 10 30 10 10 10 10 10 10 10 10 10 10 10 10 10 10 10 10 10 10 10 12 14 10 10 10 10 10 10 14 13 13 13 13 10 10 10 16 10 10 10 10 10 10 10 10 10 10 10 30 10 10 10 10 10 10 10 10 10 10 10 10 10 10 10 10 10 10 10 10 11
11 10 10 10 10 10 10 10 10 10 10 10 10 10 10 10 10 10 10 16 10 16 10 10 10 16 10 10 10 16 30 14 14 14 14 14 14 14 14 14 14 14 14 14 14 14 10 10 10 10 10 10 10 10 10 10 10 10 10 10 10 10 10 10 10 10 10 16 10 16 10 10 10 16 10 10 10 16 30 14 14 14 14 14 14 14 14 14 14 14 14 14 14 14 10 10 10 10 10 11
11 10 10 10 10 10 10 10 10 10 10 14 10 10 10 10 10 10 10 10 10 10 16 10 10 10 10 10 16 10 30 14 14 14 14 14 14 14 14 14 14 14 14 14 14 14 10 10 10 10 10 10 10 10 10 10 10 10 10 14 10 10 10 10 10 10 10 10 10 10 16 10 10 10 10 10 16 10 30 14 14 14 14 14 14 14 14 14 14 14 14 14 14 14 10 10 10 10 10 11
11 10 10 10 10 10 10 10 12 12 12 14 10 10 10 10 10 10 10 10 10 16 10 10 10 10 10 10 10 10 30 14 14 14 14 14 14 14 14 14 14 14 14 14 14 14 10 10 10 10 10 10 10 10 10 10 12 12 12 14 10 10 10 10 10 10 10 10 10 16 10 10 10 10 10 10 10 10 30 14 14 14 14 14 14 14 14 14 14 14 14 14 14 14 10 10 10 10 10 11
11 10 10 10 10 10 10 10 13 13 13 14 10 10 10 10 10 10 10 10 10 10 10 10 10 10 10 10 16 10 30 30 30 30 30 30 30 30 30 30 30 30 30 30 30 30 10 10 10 10 10 10 10 10 10 10 13 13 13 14 10 10 10 10 10 10 10 10 10 10 10 10 10 10 10 10 16 10 30 30 30 30 30 30 30 30 30 30 30 30 30 30 30 30 10 10 10 10 10 11
11 10 14 14 14 14 10 10 10 10 10 10 10 10 10 10 10 10 10 10 10 10 10 16 10 16 10 10 10 10 30 14 14 14 14 14 14 11 11 30 11 11 14 14 14 10 10 10 10 10 14 14 14 14 10 10 10 10 10 10 10 10 10 10 10 10 10 10 10 10 10 16 10 16 10 10 10 10 30 14 14 14 14 14 14 11 11 30 11 11 14 14 14 10 10 10 10 10 10 11
11 10 13 14 14 14 10 10 10 10 10 10 10 10 10 10 10 10 10 10 15 15 15 15 15 10 10 10 10 10 30 14 14 14 14 14 11 11 11 12 11 11 11 14 14 10 10 10 10 10 13 14 14 14 10 10 10 10 10 10 10 10 10 10 10 10 10 10 15 15 15 15 15 10 10 10 10 10 30 14 14 14 14 14 11 11 11 12 11 11 11 14 14 10 10 10 10 10 10 11
11 10 13 14 14 14 10 10 10 10 10 10 10 10 10 10 10 10 10 10 15 15 15 15 15 16 10 10 16 10 30 14 14 14 14 14 11 13 12 12 12 13 11 14 14 10 10 10 10 10 13 14 14 14 10 10 10 10 10 10 10 10 10 10 10 10 10 10 15 15 15 15 15 16 10 10 16 10 30 14 14 14 14 14 11 13 12 12 12 13 11 14 14 10 10 10 10 10 10 11
11 10 14 14 14 14 10 10 10 10 10 10 10 14 14 10 10 10 10 10 10 10 10 10 10 10 10 10 10 10 30 10 10 10 14 14 11 13 12 12 12 13 11 14 14 10 10 10 10 10 14 14 14 14 10 10 10 10 10 10 10 14 14 10 10 10 10 10 10 10 10 10 10 10 10 10 10 10 30 10 10 10 14 14 11 13 12 12 12 13 11 14 14 10 10 10 10 10 10 11
11 14 14 14 14 14 10 14 10 10 14 13 15 15 11 10 10 10 10 10 10 10 10 10 10 10 10 10 10 10 10 15 15 15 14 14 11 13 12 12 12 13 11 14 14 10 10 10 10 14 14 14 14 14 10 14 10 10 14 13 15 15 11 10 10 10 10 10 10 10 10 10 10 10 10 10 10 10 10 15 15 15 14 14 11 13 12 12 12 13 11 14 14 10 10 10 10 10 10 11
11 14 14 14 14 14 10 14 14 10 14 13 15 15 11 10 10 10 10 10 10 10 10 10 10 10 10 10 10 10 10 10 10 10 14 14 11 13 12 12 12 13 11 14 14 10 10 10 10 14 14 14 14 14 10 14 14 10 14 13 15 15 11 10 10 10 10 10 10 10 10 10 10 10 10 10 10 10 10 10 10 10 14 14 11 13 12 12 12 13 11 14 14 10 10 10 10 10 10 11
11 14 14 14 14 14 14 14 14 10 14 13 13 15 11 10 10 10 10 10 10 10 10 10 10 10 10 10 10 10 10 10 10 10 14 14 11 11 11 11 11 11 11 14 14 10 10 10 10 14 14 14 14 14 14 14 14 10 14 13 13 15 11 10 10 10 10 10 10 10 10 10 10 10 10 10 10 10 10 10 10 10 14 14 11 11 11 11 11 11 11 14 14 10 10 10 10 10 10 11
11 14 14 13 13 13 10 10 10 10 14 13 13 13 13 10 10 10 10 10 10 10 10 10 10 10 10 10 10 10 10 10 10 10 14 14 14 14 14 14 14 14 14 14 14 10 10 10 10 14 14 13 13 13 10 10 10 10 14 13 13 13 13 10 10 10 10 10 10 10 10 10 10 10 10 10 10 10 10 10 10 10 14 14 14 14 14 14 14 14 14 14 14 10 10 10 10 10 10 11
11 10 10 10 10 10 10 10 10 10 10 10 10 10 10 10 10 10 10 10 10 10 10 10 10 10 10 10 10 10 10 10 10 10 10 10 10 10 10 10 10 10 10 10 10 10 10 10 10 10 10 10 10 10 10 10 10 10 10 10 10 10 10 10 10 10 10 10 10 10 10 10 10 10 10 10 10 10 10 10 10 10 10 10 10 10 10 10 10 10 10 10 10 10 10 10 10 10 10 11
11 13 13 13 13 13 13 13 13 13 13 13 13 13 13 13 13 13 13 13 30 30 13 13 13 13 13 13 13 13 13 13 13 13 13 13 13 13 13 13 13 13 13 13 13 13 13 13 13 13 10 10 10 10 10 10 12 12 12 14 10 16 10 10 16 10 10 10 16 10 10 16 10 15 15 15 15 15 10 10 16 10 10 10 10 10 10 16 10 10 10 10 10 10 10 10 10 10 10 11
11 13 13 13 13 13 13 13 13 13 13 13 13 13 13 13 13 13 13 13 30 30 13 13 13 13 13 13 13 13 13 13 13 13 13 13 13 13 13 13 13 13 13 13 13 13 13 13 13 13 10 10 10 10 10 10 13 13 13 14 10 10 10 10 10 10 10 10 10 10 10 10 10 15 15 15 15 15 16 10 10 11 11 11 11 11 11 11 10 10 10 10 10 10 10 10 10 10 10 11
11 13 13 13 13 13 13 13 13 13 13 13 13 13 13 13 13 13 13 13 30 30 13 13 13 13 13 13 13 13 13 13 13 13 13 13 13 13 13 13 13 13 13 13 13 13 13 13 13 13 10 10 10 10 10 10 10 10 10 10 10 16 10 16 10 10 10 10 10 10 10 10 16 10 10 10 16 10 10 10 10 11 16 10 10 16 10 10 10 16 10 10 16 10 10 10 10 10 10 11
11 35 35 35 35 35 35 35 35 35 35 35 35 35 35 35 35 35 35 35 35 35 35 35 35 35 35 35 35 35 13 13 13 13 13 13 13 13 13 13 13 10 10 10 10 10 10 13 13 13 10 10 10 10 10 10 10 10 10 10 10 10 10 10 10 10 10 10 10 10 10 10 10 10 10 16 10 10 10 10 10 11 10 11 11 11 11 11 10 10 10 10 10 10 10 10 10 10 10 11
11 34 34 34 34 34 34 34 34 34 34 34 34 34 34 34 34 34 34 34 34 34 34 34 34 34 34 34 34 34 10 10 10 10 11 10 11 10 15 15 15 15 15 10 10 10 10 10 13 13 13 10 10 10 10 10 10 10 10 10 10 10 10 10 10 10 10 10 10 10 10 10 10 10 16 10 10 10 10 10 10 10 11 10 11 10 15 15 15 15 15 10 10 10 10 10 10 10 10 10 11
11 34 34 34 34 34 34 34 34 34 34 34 34 34 34 34 34 34 34 34 34 34 34 34 34 34 34 34 34 34 10 10 10 11 16 11 10 10 10 10 10 10 10 10 10 10 10 13 13 13 10 10 10 10 10 10 10 10 10 10 10 14 14 10 16 10 10 16 10 10 10 10 10 10 10 10 10 16 10 10 10 11 16 11 10 10 10 10 10 10 10 10 10 10 10 10 10 10 10 11
11 34 34 34 34 34 34 34 34 34 34 34 34 34 34 34 34 34 34 34 34 34 34 34 34 34 34 34 34 34 10 16 11 10 11 10 10 10 10 10 10 10 10 10 10 10 10 13 13 13 10 10 10 10 10 10 10 14 13 15 15 11 10 10 10 16 10 10 10 10 10 10 10 10 16 10 10 10 10 16 11 10 11 10 10 10 10 10 10 10 10 10 10 10 10 10 10 10 10 11
11 34 34 34 34 34 34 34 34 34 34 34 34 34 34 34 34 34 34 34 34 34 34 34 34 34 34 34 34 34 10 10 11 16 11 10 10 10 10 10 10 10 10 10 10 10 10 13 13 13 10 10 10 10 10 10 10 14 13 15 15 11 10 10 10 10 10 10 10 10 10 10 10 10 10 10 10 10 10 10 11 16 11 10 10 10 10 10 10 10 10 10 10 10 10 10 10 10 10 11
11 34 34 34 34 34 34 34 34 34 34 34 34 34 34 34 34 34 34 34 34 34 34 34 34 34 34 34 34 34 15 15 11 10 11 10 10 10 10 10 10 10 10 10 10 10 10 13 13 13 14 10 10 10 10 10 10 14 13 13 15 11 10 10 10 10 10 10 10 10 10 15 15 15 15 15 15 15 15 15 11 10 11 10 10 10 10 10 10 10 10 10 10 10 10 10 10 10 10 11
11 34 34 34 34 34 34 34 34 34 34 34 34 34 34 34 34 34 34 34 34 34 34 34 34 34 34 34 34 34 10 10 10 10 10 10 10 10 10 10 10 10 10 10 10 10 10 13 13 13 14 10 10 10 10 10 10 14 13 13 13 13 10 10 10 16 10 10 10 10 10 10 10 10 10 10 10 30 10 10 10 10 10 10 10 10 10 10 10 10 10 10 10 10 10 10 10 10 10 11
11 34 34 34 34 34 34 34 34 34 34 34 34 34 34 34 34 34 34 34 34 34 34 34 34 34 34 34 34 34 30 14 14 14 14 14 14 14 14 14 14 14 14 14 14 14 10 13 13 13 10 10 10 10 10 10 10 10 10 10 10 10 10 10 10 10 10 16 10 16 10 10 10 16 10 10 10 16 30 14 14 14 14 14 14 14 14 14 14 14 14 14 14 14 10 10 10 10 10 11
11 34 34 34 34 34 34 34 34 34 34 34 34 34 34 34 34 34 34 34 34 34 34 34 34 34 34 34 34 34 30 14 14 14 14 14 14 11 11 30 11 11 14 14 14 10 10 13 13 13 14 14 14 14 10 10 10 10 10 10 10 10 10 10 10 10 10 10 10 10 10 16 10 16 10 10 10 10 30 14 14 14 14 14 14 11 11 30 11 11 14 14 14 10 10 10 10 10 10 11
11 34 34 34 34 34 34 34 34 34 34 34 34 34 34 34 34 34 34 34 34 34 34 34 34 34 34 34 34 34 30 14 14 14 14 14 11 11 11 12 11 11 11 14 14 10 10 13 13 13 14 14 14 14 10 10 10 10 10 10 10 10 10 10 10 10 10 10 15 15 15 15 15 10 10 10 10 10 30 14 14 14 14 14 11 11 11 12 11 11 11 14 14 10 10 10 10 10 10 11
11 34 34 34 34 34 34 34 34 34 34 34 34 34 34 34 34 34 34 34 34 34 34 34 34 34 34 34 34 34 30 14 14 14 14 14 11 13 12 12 12 13 11 14 14 10 10 13 13 13 14 14 14 14 10 10 10 10 10 10 10 10 10 10 10 10 10 10 15 15 15 15 15 16 10 10 16 10 30 14 14 14 14 14 11 13 12 12 12 13 11 14 14 10 10 10 10 10 10 11
11 34 34 34 34 34 34 34 34 34 34 34 34 34 34 34 34 34 34 34 34 34 34 34 34 34 34 34 34 34 10 10 10 10 14 14 11 11 11 11 11 11 11 14 14 10 10 13 13 13 14 14 14 14 14 14 14 10 14 13 13 15 11 10 10 10 10 10 10 10 10 10 10 10 10 10 10 10 10 10 10 10 14 14 11 11 11 11 11 11 11 14 14 10 10 10 10 10 10 11
11 34 34 34 34 34 34 34 34 34 34 34 34 34 34 34 34 34 34 34 34 34 34 34 34 34 34 34 34 34 10 10 10 10 14 14 14 14 14 14 14 14 14 14 14 10 10 13 13 13 14 13 13 13 10 10 10 10 14 13 13 13 13 10 10 10 10 10 10 10 10 10 10 10 10 10 10 10 10 10 10 10 14 14 14 14 14 14 14 14 14 14 14 10 10 10 10 10 10 11
11 34 34 34 34 34 34 34 34 34 34 34 34 34 34 34 34 34 34 34 34 34 34 34 34 34 34 34 34 34 10 10 10 10 10 10 10 10 10 10 10 10 10 10 10 10 10 13 13 13 10 10 10 10 10 10 10 10 10 10 10 10 10 10 10 10 10 10 10 10 10 10 10 10 10 10 10 10 10 10 10 10 10 10 10 10 10 10 10 10 10 10 10 10 10 10 10 10 10 11
11 34 34 34 34 34 34 34 34 34 34 34 34 34 34 34 34 34 34 34 34 34 34 34 34 34 34 34 34 34 14 14 23 27 13 17 13 13 17 13 13 13 17 13 13 13 13 13 13 13 10 10 10 10 10 10 10 10 10 14 10 10 10 10 10 14 14 14 14 14 14 14 14 14 14 14 14 14 14 14 23 27 13 17 13 13 17 13 13 13 17 13 13 13 13 17 13 10 10 11
11 10 10 10 10 10 10 10 12 12 12 14 10 10 10 10 10 14 14 14 14 14 14 14 14 14 14 14 14 14 14 14 14 23 27 13 13 13 13 13 17 13 13 13 13 17 13 13 13 13 10 10 10 10 10 10 12 12 12 14 10 10 10 10 10 14 14 14 14 14 14 14 14 14 14 14 14 14 14 14 14 23 27 13 13 13 13 13 17 13 13 13 13 17 13 13 13 10 10 11
11 10 10 10 10 10 10 10 13 13 13 14 10 10 10 10 14 14 14 14 14 14 14 14 14 14 14 14 14 14 14 14 14 14 23 27 17 13 13 17 13 13 13 13 13 13 13 13 13 13 10 10 10 10 10 10 13 13 13 14 10 10 10 10 14 14 14 14 14 14 14 14 14 14 14 14 14 14 14 14 14 14 23 27 17 13 13 17 13 13 13 13 13 13 13 13 17 10 10 11
11 10 10 10 10 10 10 10 10 10 10 10 10 10 10 14 14 14 14 14 14 14 14 14 14 14 14 14 14 14 14 14 14 14 14 23 27 13 13 13 13 13 17 13 13 17 13 13 13 13 10 10 10 10 10 10 10 10 10 10 10 10 10 14 14 14 14 14 14 14 14 14 14 14 14 14 14 14 14 14 14 14 14 23 27 13 13 13 13 13 17 13 13 17 13 13 13 10 10 11
11 10 10 10 10 10 10 10 10 10 10 10 10 10 10 14 14 14 14 14 14 10 10 10 10 16 10 10 10 10 10 16 14 14 14 14 23 24 24 24 24 24 24 24 24 24 24 13 13 13 10 10 10 10 10 10 10 10 10 10 10 10 10 14 14 14 14 14 14 10 10 10 10 16 10 10 10 10 10 16 14 14 14 14 23 24 24 24 24 24 24 24 24 24 24 24 24 10 10 11
11 10 10 10 10 10 10 10 10 10 10 10 10 10 10 14 14 14 14 14 14 10 16 10 10 10 10 10 16 10 10 10 14 14 14 14 14 14 10 16 10 10 16 10 16 10 10 13 13 13 10 10 10 10 10 10 10 10 10 10 10 10 10 14 14 14 14 14 14 10 16 10 10 10 10 10 16 10 10 10 14 14 14 14 14 14 10 16 10 10 16 10 16 10 10 16 10 10 10 11
11 10 10 10 10 10 10 10 10 10 10 10 10 14 14 14 14 14 14 14 14 10 10 10 14 18 19 19 20 14 10 10 14 14 14 14 14 14 10 10 10 10 10 10 10 10 10 13 13 13 10 10 10 10 10 10 10 10 10 10 10 14 14 14 14 14 14 14 14 10 10 10 14 18 19 19 20 14 10 10 14 14 14 14 14 14 10 10 10 10 10 10 10 10 10 10 10 10 10 11
11 10 10 10 10 10 10 10 10 10 14 13 15 15 11 14 14 14 14 14 14 10 10 14 18 29 13 17 28 20 16 10 14 14 14 14 14 14 16 10 16 10 10 16 10 10 10 13 13 13 10 10 10 10 10 10 10 14 13 15 15 11 14 14 14 14 14 14 10 10 14 18 29 13 17 28 20 16 10 14 14 14 14 14 14 16 10 16 10 10 16 10 10 10 10 10 10 10 10 11
11 10 10 10 10 10 10 10 10 10 14 13 15 15 11 14 14 14 14 14 14 16 10 18 29 17 13 13 17 28 20 10 14 14 14 14 14 14 10 10 10 10 10 10 10 10 16 13 13 13 10 10 10 10 10 10 10 10 14 13 15 15 11 14 14 14 14 14 14 16 10 18 29 17 13 13 17 28 20 10 14 14 14 14 14 14 10 10 10 10 10 10 10 10 16 10 10 10 10 11
11 12 14 10 10 10 10 10 10 14 13 13 15 11 10 14 14 14 14 14 14 10 10 23 27 17 13 17 13 26 25 16 14 14 14 14 14 14 16 10 10 16 10 10 10 10 10 13 13 13 14 10 10 10 10 10 10 14 13 13 15 11 10 14 14 14 14 14 14 10 10 23 27 17 13 17 13 26 25 16 14 14 14 14 14 14 16 10 10 16 10 10 10 10 10 10 10 10 10 11
11 10 12 14 10 10 10 10 10 10 14 13 13 13 13 14 14 14 14 14 14 16 10 10 23 24 24 24 24 25 15 15 14 14 14 14 14 14 10 10 16 10 10 10 16 10 16 13 13 13 12 14 10 10 10 10 10 10 14 13 13 13 13 14 14 14 14 14 14 16 10 10 23 24 24 24 24 25 15 15 14 14 14 14 14 14 10 10 16 10 10 10 16 10 16 10 10 10 10 11
11 10 10 10 10 10 10 10 10 10 10 10 10 10 10 14 14 14 14 14 14 10 10 16 10 10 16 10 10 10 16 10 14 14 14 14 14 14 10 10 10 10 15 15 15 15 15 13 13 13 10 10 10 10 10 10 10 10 10 10 10 10 10 14 14 14 14 14 14 10 10 16 10 10 16 10 10 10 16 10 14 14 14 14 14 14 10 10 10 10 15 15 15 15 15 10 10 10 10 11
11 10 10 10 10 10 10 10 10 10 10 14 10 10 10 14 14 14 14 14 14 15 15 15 15 15 10 10 10 10 10 10 14 14 14 14 14 14 10 10 10 10 10 10 10 10 10 13 13 13 10 10 10 10 10 10 10 10 10 14 10 10 10 14 14 14 14 14 14 15 15 15 15 15 10 10 10 10 10 10 14 14 14 14 14 14 10 10 10 10 10 10 10 10 10 16 10 10 10 11
11 10 10 10 10 10 10 10 12 12 12 14 10 10 10 14 14 14 14 14 14 10 10 10 16 10 16 10 10 16 10 10 14 14 14 14 14 14 16 10 10 16 10 10 10 16 10 13 13 13 10 10 10 10 10 10 12 12 12 14 10 10 10 14 14 14 14 14 14 10 10 10 16 10 16 10 10 16 10 10 14 14 14 14 14 14 16 10 10 16 10 10 10 16 10 10 10 10 10 11
11 10 10 10 10 10 10 10 13 13 13 14 10 10 16 10 10 10 10 10 10 10 16 10 10 10 10 16 10 10 10 10 14 14 14 14 14 14 10 10 16 10 10 16 10 10 10 13 13 13 10 10 10 10 10 10 13 13 13 14 10 10 16 10 10 10 10 10 10 10 16 10 10 10 10 16 10 10 10 10 14 14 14 14 14 14 10 10 16 10 10 16 10 10 10 10 10 10 10 11
11 10 10 10 10 10 10 10 10 10 10 10 10 10 10 10 16 10 10 10 10 15 15 15 15 15 10 10 10 10 16 10 10 16 10 10 10 10 16 10 10 15 15 15 15 15 10 13 13 13 10 10 10 10 10 10 10 10 10 10 10 10 10 10 16 10 10 10 10 15 15 15 15 15 10 10 10 10 16 10 10 16 10 10 10 10 16 10 10 15 15 15 15 15 10 10 10 10 10 11
11 10 10 10 10 10 10 10 10 10 10 10 16 10 10 10 10 10 10 10 10 10 16 16 10 16 10 16 10 16 10 10 10 10 10 10 10 10 10 10 10 10 10 10 10 10 16 13 13 13 10 10 10 10 10 10 10 10 10 10 16 10 10 10 10 10 10 10 10 10 16 16 10 16 10 16 10 16 10 10 10 10 10 10 10 10 10 10 10 10 10 10 10 10 16 10 10 10 10 11
11 10 10 10 10 10 10 10 10 10 10 10 10 10 10 10 16 10 10 10 10 10 10 10 10 10 16 10 10 10 10 10 16 10 10 16 10 10 10 10 16 10 10 10 16 10 10 13 13 13 10 10 10 10 10 10 10 10 10 10 10 10 10 10 16 10 10 10 10 10 10 10 10 10 16 10 10 10 10 10 16 10 10 16 10 10 10 10 16 10 10 10 16 10 10 10 10 10 10 11
11 10 10 10 10 10 10 10 10 10 10 10 16 14 14 10 10 10 16 10 10 10 16 10 10 16 10 10 15 15 15 15 15 10 10 10 10 10 16 10 10 10 16 10 10 10 10 13 13 13 10 10 10 10 10 10 10 10 10 10 16 14 14 10 10 10 16 10 10 10 16 10 10 16 10 10 15 15 15 15 15 10 10 10 10 10 16 10 10 10 16 10 10 10 10 10 10 10 10 11
11 10 10 10 10 10 10 10 10 10 14 13 15 15 11 10 10 10 10 10 10 16 10 10 10 10 10 16 10 10 10 10 10 16 10 10 16 10 10 10 16 10 10 10 16 10 16 13 13 13 10 10 10 10 10 10 10 10 14 13 15 15 11 10 10 10 10 10 10 16 10 10 10 10 10 16 10 10 10 10 10 16 10 10 16 10 10 10 16 10 10 10 16 10 16 10 10 10 10 11
11 10 10 10 10 10 10 10 10 10 14 13 15 15 11 10 10 10 10 10 10 10 10 16 10 16 10 10 10 10 10 10 10 10 10 10 10 10 10 10 10 10 10 10 10 10 10 13 13 13 10 10 10 10 10 10 10 10 14 13 15 15 11 10 10 10 10 10 10 10 10 16 10 16 10 10 10 10 10 10 10 10 10 10 10 10 10 10 10 10 10 10 10 10 10 10 10 10 10 11
11 10 12 14 10 10 10 10 10 10 14 13 13 15 11 10 10 10 10 10 10 16 10 10 10 10 10 16 10 10 10 10 10 10 16 10 10 16 10 10 16 10 10 16 10 10 10 13 13 13 12 14 10 10 10 10 10 10 14 13 13 15 11 10 10 10 10 10 10 16 10 10 10 10 10 16 10 10 10 10 10 10 16 10 10 16 10 10 16 10 10 16 10 10 10 10 10 10 10 11
11 10 12 14 10 10 10 10 10 10 14 13 13 13 13 10 10 10 10 10 10 10 16 10 10 10 10 10 10 10 10 10 10 10 10 10 10 10 10 15 15 15 15 15 10 10 10 13 13 13 12 14 10 10 10 10 10 10 14 13 13 13 13 10 10 10 10 10 10 10 16 10 10 10 10 10 10 10 10 10 10 10 10 10 10 10 10 15 15 15 15 15 10 10 10 10 10 10 10 11
11 10 10 10 10 10 10 10 10 10 10 10 16 10 10 10 10 10 10 10 16 10 10 10 10 16 10 16 10 10 16 10 10 10 10 10 16 10 10 10 10 10 10 10 10 16 10 13 13 13 10 10 10 10 10 10 10 10 10 10 16 10 10 10 10 10 10 10 16 10 10 10 10 16 10 16 10 10 16 10 10 10 10 10 16 10 10 10 10 10 10 10 10 16 10 10 10 10 10 11
11 10 10 10 10 10 10 10 10 10 10 14 10 10 10 10 10 10 10 10 10 10 10 10 10 10 10 10 10 10 10 10 10 10 16 10 10 16 10 10 10 10 16 10 10 10 10 13 13 13 10 10 10 10 10 10 10 10 10 14 10 10 10 10 10 10 10 10 10 10 10 10 10 10 10 10 10 10 10 10 10 10 16 10 10 16 10 10 10 10 16 10 10 10 10 10 10 10 10 11
11 10 10 10 10 10 10 10 12 12 12 14 10 16 10 10 16 10 10 10 16 10 10 16 10 15 15 15 15 15 10 10 16 10 10 10 10 10 10 16 10 10 10 10 10 10 10 13 13 13 10 10 10 10 10 10 12 12 12 14 10 16 10 10 16 10 10 10 16 10 10 16 10 15 15 15 15 15 10 10 16 10 10 10 10 10 10 16 10 10 10 10 10 10 10 10 10 10 10 11
11 10 10 10 10 10 10 10 13 13 13 14 10 10 10 10 10 10 10 10 10 10 10 10 10 15 15 15 15 15 16 10 10 11 11 11 11 11 11 11 10 10 10 10 10 10 10 13 13 13 10 10 10 10 10 10 13 13 13 14 10 10 10 10 10 10 10 10 10 10 10 10 10 15 15 15 15 15 16 10 10 11 11 11 11 11 11 11 10 10 10 10 10 10 10 10 10 10 10 11
11 10 10 10 10 10 10 10 10 10 10 10 10 16 10 16 10 10 10 10 10 10 10 10 16 10 10 10 16 10 10 10 10 11 16 10 10 16 10 10 10 16 10 10 16 10 10 13 13 13 10 10 10 10 10 10 10 10 10 10 10 16 10 16 10 10 10 10 10 10 10 10 16 10 10 10 16 10 10 10 10 11 16 10 10 16 10 10 10 16 10 10 16 10 10 10 10 10 10 11
11 10 10 10 10 10 10 10 10 10 10 10 10 10 10 10 10 10 10 10 10 10 10 10 10 10 10 16 10 10 10 10 10 11 10 11 11 11 11 11 10 10 10 10 10 10 10 13 13 13 10 10 10 10 10 10 10 10 10 10 10 10 10 10 10 10 10 10 10 10 10 10 10 10 10 16 10 10 10 10 10 11 10 11 11 11 11 11 10 10 10 10 10 10 10 10 10 10 10 11
11 10 10 10 10 10 10 10 10 10 10 10 10 10 10 10 10 10 10 10 10 10 10 10 10 16 10 10 10 10 10 10 10 11 10 11 10 15 15 15 15 15 10 10 10 10 10 13 13 13 10 10 10 10 10 10 10 10 10 10 10 10 10 10 10 10 10 10 10 10 10 10 10 16 10 10 10 10 10 10 10 11 10 11 10 15 15 15 15 15 10 10 10 10 10 10 10 10 10 11
11 10 10 10 10 10 10 10 10 10 10 10 10 14 14 10 16 10 10 16 10 10 10 10 10 10 10 10 10 16 10 10 10 11 16 11 10 10 10 10 10 10 10 10 10 10 10 13 13 13 10 10 10 10 10 10 10 10 10 10 10 14 14 10 16 10 10 16 10 10 10 10 10 10 10 10 10 16 10 10 10 11 16 11 10 10 10 10 10 10 10 10 10 10 10 10 10 10 10 11
11 10 10 10 10 10 10 10 10 10 14 13 15 15 11 10 10 10 16 10 10 10 10 10 10 10 10 16 10 10 10 10 16 11 10 11 10 10 10 10 10 10 10 10 10 10 10 13 13 13 10 10 10 10 10 10 10 10 14 13 15 15 11 10 10 10 16 10 10 10 10 10 10 10 10 16 10 10 10 10 16 11 10 11 10 10 10 10 10 10 10 10 10 10 10 10 10 10 10 11
11 10 10 10 10 10 10 10 10 10 14 13 15 15 11 10 10 10 10 10 10 10 10 10 10 10 10 10 10 10 10 10 10 11 16 11 10 10 10 10 10 10 10 10 10 10 10 13 13 13 10 10 10 10 10 10 10 10 14 13 15 15 11 10 10 10 10 10 10 10 10 10 10 10 10 10 10 10 10 10 10 11 16 11 10 10 10 10 10 10 10 10 10 10 10 10 10 10 10 11
11 11 11 11 11 11 11 11 11 11 11 11 11 11 11 11 11 11 11 11 11 11 11 11 11 11 11 11 11 11 11 11 11 11 11 11 11 11 11 11 11 11 11 11 11 11 11 11 11 11 11 11 11 11 11 11 11 11 11 11 11 11 11 11 11 11 11 11 11 11 11 11 11 11 11 11 11 11 11 11 11 11 11 11 11 11 11 11 11 11 11 11 11 11 11 11 11 11 11 11